critical    = [12.272830 6.176977 3.185091 1.699464 0.890260 0.889632];
atomic	    = [12.266272 6.272138 3.183507 1.694001 0.889847 0.909607];
reduction   = [12.251947 6.192060 3.193682 1.700085 0.889732 0.969926];
