hello
reduction = [12.252267 6.233943 3.172729 1.715545 0.889718 0.713381];
atomic = [12.249772 6.180277 3.179844 1.692428 0.889600 0.713092];
critical = [12.270932 6.236228 3.180668 1.682228 0.889818 0.712848];
